5
21
-208.0 203.0
-199.00000000000003 198.0
-189.0 192.0
-177.99999999999997 186.0
-165.0 179.0
-147.00000000000003 169.0
-133.0 161.0
-115.0 150.99999999999997
-96.0 139.0
-79.0 131.0
-64.0 125.0
-51.0 119.0
-40.0 115.0
-29.0 111.0
-24.0 109.0
-18.0 105.0
-13.0 103.0
-10.0 101.0
-8.0 100.0
-7.0 100.0
-6.0 99.0
19
38.99999999999994 134.0
38.99999999999994 130.0
42.0 124.0
42.0 115.0
42.0 105.0
42.0 95.0
42.0 84.0
42.0 72.0
41.0 60.0
40.00000000000006 49.0
38.0 36.0
34.0 24.0
30.999999999999943 14.0
29.0 7.0
26.0 1.0
25.0 -5.0
25.0 -7.0
24.0 -9.999999999999943
23.000000000000057 -12.0
25
-146.0 25.0
-146.0 20.0
-144.0 10.0
-139.0 1.0
-136.0 -5.999999999999943
-131.0 -17.0
-126.0 -25.0
-123.0 -32.0
-117.0 -40.00000000000006
-113.0 -48.00000000000006
-110.0 -57.0
-107.0 -63.99999999999994
-104.0 -71.0
-102.0 -80.99999999999994
-100.0 -86.00000000000006
-98.0 -95.0
-97.0 -100.0
-95.0 -105.0
-95.0 -108.0
-94.0 -111.00000000000006
-94.0 -112.0
-92.0 -113.0
-91.0 -113.0
-88.0 -113.0
-85.0 -113.0
20
121.0 57.0
124.0 56.0
126.0 50.0
128.0 41.0
132.0 30.0
132.0 21.0
137.0 11.0
139.0 2.0
143.0 -5.0
147.0 -13.0
151.0 -21.0
156.0 -28.0
160.0 -34.99999999999994
163.0 -43.0
165.0 -49.0
166.0 -55.0
167.0 -58.0
167.0 -59.99999999999994
167.0 -62.0
168.0 -63.0
17
90.00000000000006 192.0
86.00000000000006 192.0
76.0 192.0
63.99999999999994 192.0
51.0 191.0
34.0 187.0
16.0 186.0
4.0 186.0
-10.0 186.0
-24.0 184.0
-37.0 181.99999999999997
-49.0 181.99999999999997
-60.0 181.0
-66.0 181.0
-70.0 181.0
-73.0 181.0
-74.0 181.0
